train_X.shape
(8000, 224, 224, 3)

train_Y
array([[1., 0.],
       [0., 1.],
       [0., 1.],
       ...,
       [1., 0.],
       [1., 0.],
       [0., 1.]], dtype=float32)
       
       
train_Y.shape
(8000, 2)

test_X
array([[[[ 0.78039217,  0.6392157 ,  1.        ],
         [ 0.79607844,  0.6156863 ,  0.9764706 ],
         [ 0.5529412 ,  0.3411765 ,  0.88235295],
         ...,
         [ 0.27058828, -0.09019607,  0.6784314 ],
         [ 0.21568632, -0.09803921,  0.654902  ],
         [ 0.19215691,  0.00392163,  0.6156863 ]],

        [[ 0.8745098 ,  0.78039217,  0.9529412 ],
         [ 0.7490196 ,  0.64705884,  0.7882353 ],
         [ 0.5372549 ,  0.4039216 ,  0.7490196 ],
         ...,
         [ 0.28627455, -0.04313725,  0.7254902 ],
         [ 0.18431377, -0.09803921,  0.654902  ],
         [ 0.16078436, -0.05098039,  0.58431375]],

        [[ 1.        ,  0.9843137 ,  1.        ],
         [ 0.96862745,  0.94509804,  0.90588236],
         [ 0.8039216 ,  0.7490196 ,  0.8901961 ],
         ...,
         [ 0.16078436, -0.12156862,  0.64705884],
         [ 0.2313726 , -0.01960784,  0.7411765 ],
         [ 0.30980396,  0.09019613,  0.7490196 ]],

        ...,

        [[ 0.60784316,  0.33333337,  0.8666667 ],
         [ 0.7254902 ,  0.37254906,  0.8980392 ],
         [ 0.7411765 ,  0.36470592,  0.8509804 ],
         ...,
         [ 0.6313726 ,  0.39607847,  0.9764706 ],
         [-0.372549  , -0.67058825,  0.26274514],
         [-0.23137254, -0.60784316,  0.5372549 ]],

        [[ 0.7254902 ,  0.5058824 ,  0.90588236],
         [ 0.84313726,  0.54509807,  0.92941177],
         [ 0.8039216 ,  0.4666667 ,  0.827451  ],
         ...,
         [ 0.8117647 ,  0.5686275 ,  1.        ],
         [ 0.03529418, -0.24705881,  0.52156866],
         [-0.17647058, -0.5058824 ,  0.54509807]],

        [[ 0.8901961 ,  0.7647059 ,  0.96862745],
         [ 1.        ,  0.8039216 ,  0.9764706 ],
         [ 0.9137255 ,  0.6313726 ,  0.8509804 ],
         ...,
         [ 0.9529412 ,  0.7176471 ,  0.9843137 ],
         [ 0.58431375,  0.3176471 ,  0.92156863],
         [-0.29411763, -0.5921569 ,  0.36470592]]],


       [[[ 1.        ,  0.77254903,  0.8666667 ],
         [ 1.        ,  0.70980394,  0.81960785],
         [ 0.92941177,  0.5686275 ,  0.8509804 ],
         ...,
         [ 0.4431373 , -0.09019607,  0.7176471 ],
         [ 0.01176476, -0.5137255 ,  0.52156866],
         [-0.09803921, -0.4588235 ,  0.39607847]],

        [[ 0.96862745,  0.7647059 ,  0.8666667 ],
         [ 0.9607843 ,  0.7019608 ,  0.7882353 ],
         [ 0.96862745,  0.6784314 ,  0.92156863],
         ...,
         [ 0.36470592, -0.23137254,  0.62352943],
         [ 0.20784318, -0.3333333 ,  0.5764706 ],
         [ 0.56078434,  0.254902  ,  0.6862745 ]],

        [[ 0.88235295,  0.69411767,  0.81960785],
         [ 0.92941177,  0.6784314 ,  0.78039217],
         [ 0.92156863,  0.6627451 ,  0.8901961 ],
         ...,
         [ 0.7254902 ,  0.09019613,  0.9137255 ],
         [ 0.60784316,  0.05882359,  0.827451  ],
         [ 0.8352941 ,  0.5294118 ,  0.75686276]],

        ...,

        [[ 0.39607847,  0.22352946,  0.7882353 ],
         [ 0.5372549 ,  0.34901965,  0.81960785],
         [ 0.4666667 ,  0.19215691,  0.64705884],
         ...,
         [ 0.49803925,  0.17647064,  0.64705884],
         [ 0.28627455,  0.03529418,  0.54509807],
         [ 0.27843142,  0.11372554,  0.62352943]],

        [[ 0.22352946, -0.00392157,  0.7254902 ],
         [ 0.37254906,  0.14509809,  0.77254903],
         [ 0.4666667 ,  0.18431377,  0.7647059 ],
         ...,
         [ 0.64705884,  0.2941177 ,  0.7254902 ],
         [ 0.41176474,  0.10588241,  0.6       ],
         [ 0.3411765 ,  0.1686275 ,  0.654902  ]],

        [[ 0.13725495, -0.24705881,  0.73333335],
         [ 0.09019613, -0.23921567,  0.62352943],
         [ 0.26274514, -0.06666666,  0.7019608 ],
         ...,
         [ 0.8509804 ,  0.4666667 ,  0.8352941 ],
         [ 0.6156863 ,  0.2941177 ,  0.73333335],
         [ 0.45098042,  0.27058828,  0.70980394]]],


       [[[ 0.13725495, -0.24705881,  0.5764706 ],
         [ 0.18431377, -0.12941176,  0.7647059 ],
         [-0.36470586, -0.64705884,  0.3411765 ],
         ...,
         [ 0.94509804,  0.49803925,  0.77254903],
         [ 0.90588236,  0.43529415,  0.73333335],
         [ 0.58431375,  0.05882359,  0.6784314 ]],

        [[ 0.30196083, -0.09019607,  0.6862745 ],
         [ 0.3803922 ,  0.02745104,  0.6627451 ],
         [ 0.5372549 ,  0.18431377,  0.8509804 ],
         ...,
         [ 0.8980392 ,  0.45098042,  0.7254902 ],
         [ 0.8980392 ,  0.427451  ,  0.69411767],
         [ 0.654902  ,  0.13725495,  0.7019608 ]],

        [[ 0.32549024, -0.09803921,  0.67058825],
         [ 0.49803925,  0.07450986,  0.6627451 ],
         [ 0.5529412 ,  0.10588241,  0.70980394],
         ...,
         [ 0.9529412 ,  0.49803925,  0.8117647 ],
         [ 0.8666667 ,  0.39607847,  0.69411767],
         [ 0.6392157 ,  0.11372554,  0.7176471 ]],

        ...,

        [[ 1.        ,  0.84313726,  0.7882353 ],
         [ 0.90588236,  0.64705884,  0.73333335],
         [ 0.78039217,  0.427451  ,  0.6862745 ],
         ...,
         [ 0.9529412 ,  0.6313726 ,  0.7411765 ],
         [ 0.7647059 ,  0.54509807,  0.6627451 ],
         [ 0.5921569 ,  0.47450984,  0.73333335]],

        [[ 0.9843137 ,  0.79607844,  0.8980392 ],
         [ 0.8901961 ,  0.6627451 ,  0.8352941 ],
         [ 0.75686276,  0.4431373 ,  0.70980394],
         ...,
         [ 1.        ,  0.79607844,  0.78039217],
         [ 0.96862745,  0.77254903,  0.8039216 ],
         [ 0.88235295,  0.7176471 ,  0.70980394]],

        [[ 1.        ,  0.92156863,  0.6862745 ],
         [ 0.9137255 ,  0.79607844,  0.7411765 ],
         [ 0.81960785,  0.58431375,  0.7882353 ],
         ...,
         [ 0.8980392 ,  0.7647059 ,  0.6862745 ],
         [ 0.8980392 ,  0.73333335,  0.8039216 ],
         [ 0.9607843 ,  0.7490196 ,  0.6784314 ]]],


       ...,


       [[[ 0.20000005, -0.12156862,  0.6313726 ],
         [ 0.15294123, -0.23921567,  0.64705884],
         [ 0.19215691, -0.21568626,  0.5529412 ],
         ...,
         [ 0.92156863,  0.8666667 ,  0.92941177],
         [ 0.85882354,  0.7882353 ,  0.9372549 ],
         [ 0.73333335,  0.64705884,  0.8980392 ]],

        [[ 0.30196083,  0.02745104,  0.7490196 ],
         [ 0.11372554, -0.2235294 ,  0.7019608 ],
         [-0.01960784, -0.40392154,  0.5137255 ],
         ...,
         [ 0.94509804,  0.85882354,  0.96862745],
         [ 0.85882354,  0.7490196 ,  0.94509804],
         [ 0.7019608 ,  0.56078434,  0.8745098 ]],

        [[ 0.4039216 ,  0.17647064,  0.81960785],
         [ 0.05098045, -0.20784312,  0.70980394],
         [-0.1372549 , -0.4588235 ,  0.54509807],
         ...,
         [ 0.8745098 ,  0.7882353 ,  0.9137255 ],
         [ 0.8039216 ,  0.67058825,  0.92156863],
         [ 0.7176471 ,  0.5294118 ,  0.90588236]],

        ...,

        [[ 1.        ,  0.90588236,  0.9607843 ],
         [ 0.9529412 ,  0.90588236,  0.8117647 ],
         [ 0.92941177,  0.8901961 ,  0.8666667 ],
         ...,
         [ 0.9372549 ,  0.9529412 ,  0.92941177],
         [ 0.8901961 ,  0.88235295,  0.92156863],
         [ 0.8901961 ,  0.8117647 ,  0.8980392 ]],

        [[ 1.        ,  0.9372549 ,  0.9764706 ],
         [ 0.92941177,  0.8901961 ,  0.85882354],
         [ 0.8745098 ,  0.78039217,  0.8745098 ],
         ...,
         [ 0.92156863,  0.9137255 ,  0.9607843 ],
         [ 0.8745098 ,  0.827451  ,  0.9372549 ],
         [ 0.8666667 ,  0.7490196 ,  0.92941177]],

        [[ 0.9607843 ,  0.9137255 ,  0.99215686],
         [ 0.8745098 ,  0.81960785,  0.88235295],
         [ 0.78039217,  0.654902  ,  0.8666667 ],
         ...,
         [ 0.84313726,  0.81960785,  0.9529412 ],
         [ 0.81960785,  0.7411765 ,  0.9529412 ],
         [ 0.78039217,  0.60784316,  0.9137255 ]]],


       [[[ 0.43529415,  0.26274514,  0.7490196 ],
         [ 0.4666667 ,  0.3176471 ,  0.75686276],
         [ 0.48235297,  0.34901965,  0.77254903],
         ...,
         [ 0.8509804 ,  0.654902  ,  0.827451  ],
         [ 0.84313726,  0.69411767,  0.8509804 ],
         [ 0.8352941 ,  0.7176471 ,  0.8666667 ]],

        [[ 0.3803922 ,  0.27843142,  0.6392157 ],
         [ 0.3411765 ,  0.24705887,  0.60784316],
         [ 0.45882356,  0.38823533,  0.7254902 ],
         ...,
         [ 0.88235295,  0.69411767,  0.8666667 ],
         [ 0.88235295,  0.70980394,  0.8745098 ],
         [ 0.8666667 ,  0.73333335,  0.88235295]],

        [[ 0.41960788,  0.3176471 ,  0.75686276],
         [ 0.34901965,  0.26274514,  0.7176471 ],
         [ 0.41176474,  0.3411765 ,  0.77254903],
         ...,
         [ 0.7647059 ,  0.5764706 ,  0.7490196 ],
         [ 0.77254903,  0.58431375,  0.75686276],
         [ 0.92156863,  0.7490196 ,  0.9137255 ]],

        ...,

        [[ 0.38823533,  0.15294123,  0.6392157 ],
         [ 0.43529415,  0.27843142,  0.7411765 ],
         [ 0.6392157 ,  0.52156866,  0.84313726],
         ...,
         [ 0.5529412 ,  0.2313726 ,  0.78039217],
         [ 0.38823533,  0.09803927,  0.6392157 ],
         [ 0.5294118 ,  0.254902  ,  0.75686276]],

        [[ 0.37254906,  0.082353  ,  0.96862745],
         [ 0.5764706 ,  0.45098042,  0.8352941 ],
         [ 0.73333335,  0.654902  ,  0.84313726],
         ...,
         [ 0.39607847,  0.05098045,  0.7490196 ],
         [ 0.39607847,  0.09803927,  0.7490196 ],
         [ 0.254902  ,  0.00392163,  0.5921569 ]],

        [[-0.56078434, -0.92941177,  0.56078434],
         [ 0.6392157 ,  0.5294118 ,  0.92941177],
         [ 0.92941177,  0.8980392 ,  0.90588236],
         ...,
         [ 0.2313726 , -0.09019607,  0.6313726 ],
         [ 0.254902  ,  0.01176476,  0.62352943],
         [ 0.48235297,  0.28627455,  0.79607844]]],


       [[[ 0.34901965, -0.05098039,  0.77254903],
         [ 0.20000005, -0.15294117,  0.6392157 ],
         [ 0.3411765 ,  0.01176476,  0.78039217],
         ...,
         [ 0.60784316,  0.4666667 ,  0.654902  ],
         [ 0.92941177,  0.85882354,  0.8980392 ],
         [ 0.92156863,  0.94509804,  0.8901961 ]],

        [[ 0.23921573, -0.08235294,  0.7490196 ],
         [ 0.1686275 , -0.11372548,  0.7176471 ],
         [ 0.34901965,  0.10588241,  0.92156863],
         ...,
         [ 0.64705884,  0.35686278,  0.69411767],
         [ 0.75686276,  0.56078434,  0.8117647 ],
         [ 0.79607844,  0.6784314 ,  0.90588236]],

        [[ 0.06666672, -0.25490195,  0.56078434],
         [ 0.0196079 , -0.23921567,  0.6       ],
         [ 0.13725495, -0.0745098 ,  0.7647059 ],
         ...,
         [ 0.6627451 ,  0.3176471 ,  0.7176471 ],
         [ 0.7882353 ,  0.4901961 ,  0.8745098 ],
         [ 0.827451  ,  0.60784316,  0.9843137 ]],

        ...,

        [[ 0.67058825,  0.4901961 ,  0.9137255 ],
         [ 0.88235295,  0.9137255 ,  0.92156863],
         [ 0.92156863,  0.9764706 ,  0.6313726 ],
         ...,
         [-0.05098039, -0.31764704,  0.54509807],
         [ 0.09019613, -0.12156862,  0.62352943],
         [ 0.13725495, -0.02745098,  0.5921569 ]],

        [[ 0.70980394,  0.4431373 ,  0.9137255 ],
         [ 0.8352941 ,  0.8039216 ,  0.9843137 ],
         [ 0.9529412 ,  1.        ,  0.79607844],
         ...,
         [-0.1607843 , -0.35686272,  0.56078434],
         [-0.09803921, -0.23137254,  0.6       ],
         [-0.01176471, -0.09803921,  0.6392157 ]],

        [[ 0.6862745 ,  0.3411765 ,  0.7411765 ],
         [ 0.7411765 ,  0.52156866,  0.9764706 ],
         [ 0.88235295,  0.7647059 ,  0.9137255 ],
         ...,
         [ 0.17647064, -0.11372548,  0.7176471 ],
         [ 0.12156868, -0.15294117,  0.6627451 ],
         [ 0.17647064, -0.0745098 ,  0.6862745 ]]]], dtype=float32)
         
         
test_X.shape
(2000, 224, 224, 3)

test_Y 
array([[1., 0.],
       [0., 1.],
       [0., 1.],
       ...,
       [0., 1.],
       [1., 0.],
       [0., 1.]], dtype=float32)
       
test_Y.shape
(2000, 2)
         
         
