train_X 

array([[[[-0.46666664, -0.58431375,  0.52156866],
         [ 0.427451  ,  0.2313726 ,  0.94509804],
         [ 0.7176471 ,  0.2941177 ,  0.88235295],
         ...,
         [ 0.37254906,  0.21568632,  0.78039217],
         [ 0.41176474,  0.17647064,  0.7254902 ],
         [ 0.427451  ,  0.10588241,  0.7176471 ]],

        [[-0.34117645, -0.54509807,  0.49803925],
         [ 0.2941177 ,  0.23921573,  0.8509804 ],
         [ 0.4901961 ,  0.23921573,  0.7647059 ],
         ...,
         [ 0.38823533,  0.27058828,  0.78039217],
         [ 0.4039216 ,  0.22352946,  0.75686276],
         [ 0.45098042,  0.17647064,  0.8039216 ]],

        [[-0.16862744, -0.62352943,  0.4431373 ],
         [ 0.20784318,  0.16078436,  0.7411765 ],
         [ 0.27058828,  0.16078436,  0.6392157 ],
         ...,
         [ 0.47450984,  0.36470592,  0.827451  ],
         [ 0.45098042,  0.28627455,  0.79607844],
         [ 0.4431373 ,  0.20000005,  0.827451  ]],

        ...,

        [[-0.20784312, -0.6       ,  0.5529412 ],
         [-0.32549018, -0.64705884,  0.45882356],
         [-0.21568626, -0.46666664,  0.654902  ],
         ...,
         [ 0.9843137 ,  0.75686276,  0.9764706 ],
         [ 0.92941177,  0.7411765 ,  0.9137255 ],
         [ 0.9843137 ,  0.8352941 ,  1.        ]],

        [[-0.1372549 , -0.45098037,  0.5294118 ],
         [-0.31764704, -0.5764706 ,  0.4431373 ],
         [-0.1372549 , -0.31764704,  0.73333335],
         ...,
         [ 0.8980392 ,  0.5921569 ,  0.94509804],
         [ 0.90588236,  0.6156863 ,  0.9372549 ],
         [ 0.9529412 ,  0.6784314 ,  0.99215686]],

        [[ 0.24705887, -0.00392157,  0.7882353 ],
         [-0.27843136, -0.49019605,  0.41176474],
         [-0.1372549 , -0.2862745 ,  0.69411767],
         ...,
         [ 0.7019608 ,  0.30196083,  0.827451  ],
         [ 0.7411765 ,  0.34901965,  0.8117647 ],
         [ 0.85882354,  0.48235297,  0.9372549 ]]],


       [[[ 0.3411765 ,  0.06666672,  0.69411767],
         [ 0.36470592,  0.10588241,  0.81960785],
         [ 0.27058828,  0.00392163,  0.7411765 ],
         ...,
         [ 0.7490196 ,  0.27843142,  0.47450984],
         [ 0.81960785,  0.32549024,  0.6627451 ],
         [ 0.62352943,  0.082353  ,  0.8117647 ]],

        [[ 0.35686278,  0.13725495,  0.52156866],
         [ 0.4039216 ,  0.20784318,  0.6627451 ],
         [ 0.49803925,  0.30196083,  0.75686276],
         ...,
         [ 0.5529412 ,  0.09803927,  0.5764706 ],
         [ 0.6       ,  0.12156868,  0.6627451 ],
         [ 0.654902  ,  0.20000005,  0.78039217]],

        [[ 0.78039217,  0.5529412 ,  0.79607844],
         [ 0.654902  ,  0.45098042,  0.7411765 ],
         [ 0.7176471 ,  0.5137255 ,  0.81960785],
         ...,
         [ 0.54509807,  0.09803927,  0.73333335],
         [ 0.5294118 ,  0.07450986,  0.6784314 ],
         [ 0.6784314 ,  0.26274514,  0.7019608 ]],

        ...,

        [[ 0.77254903,  0.5686275 ,  0.84313726],
         [ 0.2941177 ,  0.06666672,  0.5921569 ],
         [-0.1372549 , -0.46666664,  0.30196083],
         ...,
         [ 0.99215686,  0.92156863,  0.7882353 ],
         [ 0.9843137 ,  0.92941177,  0.7882353 ],
         [ 0.9764706 ,  0.9372549 ,  0.7882353 ]],

        [[ 0.6156863 ,  0.35686278,  0.7882353 ],
         [ 0.45882356,  0.21568632,  0.6627451 ],
         [ 0.05098045, -0.2862745 ,  0.41960788],
         ...,
         [ 0.96862745,  0.8901961 ,  0.79607844],
         [ 0.9529412 ,  0.90588236,  0.79607844],
         [ 0.96862745,  0.94509804,  0.827451  ]],

        [[ 0.33333337, -0.02745098,  0.6784314 ],
         [ 0.79607844,  0.49803925,  0.94509804],
         [ 0.26274514, -0.12941176,  0.5529412 ],
         ...,
         [ 0.9843137 ,  0.8980392 ,  0.88235295],
         [ 0.9372549 ,  0.8745098 ,  0.8509804 ],
         [ 0.96862745,  0.94509804,  0.90588236]]],


       [[[ 0.8980392 ,  0.5137255 ,  0.88235295],
         [ 0.9137255 ,  0.69411767,  0.8039216 ],
         [ 0.9607843 ,  0.81960785,  1.        ],
         ...,
         [ 0.81960785,  0.5058824 ,  0.92156863],
         [ 0.84313726,  0.5137255 ,  0.90588236],
         [ 0.90588236,  0.5372549 ,  0.88235295]],

        [[ 0.92156863,  0.5529412 ,  0.8980392 ],
         [ 0.8745098 ,  0.6784314 ,  0.70980394],
         [ 0.9137255 ,  0.8352941 ,  0.84313726],
         ...,
         [ 0.8352941 ,  0.4431373 ,  0.85882354],
         [ 0.88235295,  0.4666667 ,  0.8745098 ],
         [ 0.827451  ,  0.37254906,  0.7647059 ]],

        [[ 0.84313726,  0.5137255 ,  0.79607844],
         [ 0.9607843 ,  0.7647059 ,  0.79607844],
         [ 0.827451  ,  0.70980394,  0.73333335],
         ...,
         [ 0.56078434,  0.32549024,  0.73333335],
         [ 0.62352943,  0.36470592,  0.78039217],
         [ 0.6627451 ,  0.35686278,  0.8039216 ]],

        ...,

        [[ 0.88235295,  0.5294118 ,  0.8352941 ],
         [ 0.8039216 ,  0.45098042,  0.9137255 ],
         [ 0.18431377, -0.18431371,  0.4431373 ],
         ...,
         [ 0.6862745 ,  0.36470592,  0.6784314 ],
         [ 0.85882354,  0.45098042,  0.8352941 ],
         [ 0.73333335,  0.24705887,  0.7411765 ]],

        [[ 0.7176471 ,  0.30980396,  0.69411767],
         [ 0.6392157 ,  0.27843142,  0.7647059 ],
         [ 0.23921573, -0.09019607,  0.4901961 ],
         ...,
         [ 0.8039216 ,  0.4666667 ,  0.8039216 ],
         [ 0.75686276,  0.35686278,  0.8039216 ],
         [ 0.5686275 ,  0.12156868,  0.7411765 ]],

        [[ 0.85882354,  0.427451  ,  0.85882354],
         [ 0.77254903,  0.4666667 ,  0.8980392 ],
         [ 0.37254906,  0.12156868,  0.6156863 ],
         ...,
         [ 0.6862745 ,  0.30980396,  0.6862745 ],
         [ 0.5372549 ,  0.20784318,  0.7254902 ],
         [ 0.27843142, -0.04313725,  0.6784314 ]]],


       ...,


       [[[ 0.49803925,  0.14509809,  0.8745098 ],
         [ 0.5294118 ,  0.17647064,  0.8901961 ],
         [ 0.5058824 ,  0.16078436,  0.84313726],
         ...,
         [ 0.52156866,  0.17647064,  0.78039217],
         [ 0.5372549 ,  0.19215691,  0.78039217],
         [ 0.58431375,  0.22352946,  0.8117647 ]],

        [[ 0.6       ,  0.254902  ,  0.9529412 ],
         [ 0.5529412 ,  0.20784318,  0.8901961 ],
         [ 0.54509807,  0.20000005,  0.8666667 ],
         ...,
         [ 0.5372549 ,  0.19215691,  0.8117647 ],
         [ 0.5058824 ,  0.16078436,  0.7647059 ],
         [ 0.5529412 ,  0.19215691,  0.78039217]],

        [[ 0.6392157 ,  0.30196083,  0.94509804],
         [ 0.56078434,  0.21568632,  0.88235295],
         [ 0.54509807,  0.20000005,  0.8666667 ],
         ...,
         [ 0.5372549 ,  0.18431377,  0.81960785],
         [ 0.49803925,  0.15294123,  0.77254903],
         [ 0.5686275 ,  0.20000005,  0.8117647 ]],

        ...,

        [[ 0.23921573, -0.09019607,  0.6784314 ],
         [ 0.20784318, -0.11372548,  0.7176471 ],
         [ 0.20000005, -0.09019607,  0.7176471 ],
         ...,
         [ 0.99215686,  0.99215686,  0.9764706 ],
         [ 0.99215686,  0.99215686,  0.9764706 ],
         [ 0.99215686,  0.99215686,  0.9764706 ]],

        [[ 0.22352946, -0.0745098 ,  0.60784316],
         [ 0.20784318, -0.08235294,  0.67058825],
         [ 0.254902  , -0.01176471,  0.7254902 ],
         ...,
         [ 0.99215686,  0.99215686,  0.9764706 ],
         [ 0.99215686,  0.99215686,  0.9764706 ],
         [ 0.99215686,  0.99215686,  0.9764706 ]],

        [[ 0.39607847,  0.10588241,  0.7176471 ],
         [ 0.37254906,  0.10588241,  0.7882353 ],
         [ 0.39607847,  0.16078436,  0.8352941 ],
         ...,
         [ 0.99215686,  0.99215686,  0.9764706 ],
         [ 0.99215686,  0.99215686,  0.9764706 ],
         [ 0.99215686,  0.99215686,  0.9764706 ]]],


       [[[ 0.75686276,  0.6784314 ,  0.6627451 ],
         [ 1.        ,  0.9843137 ,  0.8117647 ],
         [ 1.        ,  0.94509804,  0.8745098 ],
         ...,
         [ 0.9137255 ,  0.36470592,  0.75686276],
         [ 0.96862745,  0.06666672,  0.8117647 ],
         [-0.14509803, -0.5529412 ,  0.2941177 ]],

        [[-0.34117645,  0.04313731,  0.35686278],
         [ 0.75686276,  1.        ,  0.96862745],
         [ 1.        ,  1.        ,  0.75686276],
         ...,
         [ 0.9764706 ,  0.70980394,  0.92156863],
         [ 1.        ,  0.2941177 ,  0.8980392 ],
         [ 0.13725495, -0.6       ,  0.27843142]],

        [[-1.        , -0.8039216 ,  0.17647064],
         [ 0.52156866,  0.92941177,  1.        ],
         [ 0.9607843 ,  1.        ,  0.6862745 ],
         ...,
         [ 1.        ,  0.9607843 ,  1.        ],
         [ 1.        ,  0.54509807,  0.9372549 ],
         [ 0.8117647 , -0.02745098,  0.7254902 ]],

        ...,

        [[ 0.92941177,  0.79607844,  0.8745098 ],
         [ 0.7254902 ,  0.52156866,  0.827451  ],
         [ 0.67058825,  0.4431373 ,  0.7882353 ],
         ...,
         [ 0.19215691, -0.00392157,  0.70980394],
         [ 0.03529418, -0.11372548,  0.5294118 ],
         [ 0.09019613, -0.03529412,  0.5372549 ]],

        [[ 0.92156863,  0.84313726,  0.827451  ],
         [ 0.9137255 ,  0.7254902 ,  0.9137255 ],
         [ 0.7176471 ,  0.4901961 ,  0.70980394],
         ...,
         [ 0.20784318, -0.01176471,  0.67058825],
         [ 0.11372554, -0.08235294,  0.5764706 ],
         [ 0.10588241, -0.05098039,  0.5137255 ]],

        [[ 0.8039216 ,  0.7490196 ,  0.6862745 ],
         [ 0.92941177,  0.77254903,  0.85882354],
         [ 0.8980392 ,  0.6784314 ,  0.77254903],
         ...,
         [ 0.3411765 ,  0.04313731,  0.69411767],
         [ 0.27843142, -0.02745098,  0.6862745 ],
         [ 0.07450986, -0.23137254,  0.4666667 ]]],


       [[[ 0.32549024,  0.0196079 ,  0.73333335],
         [ 0.26274514, -0.08235294,  0.6784314 ],
         [ 0.28627455, -0.05882353,  0.62352943],
         ...,
         [ 0.6627451 ,  0.5058824 ,  0.6       ],
         [ 0.9137255 ,  0.7647059 ,  0.79607844],
         [ 0.9607843 ,  0.77254903,  0.9607843 ]],

        [[ 0.20000005,  0.00392163,  0.7254902 ],
         [ 0.3411765 ,  0.10588241,  0.85882354],
         [ 0.2313726 , -0.02745098,  0.6862745 ],
         ...,
         [ 0.88235295,  0.5764706 ,  0.7882353 ],
         [ 0.70980394,  0.43529415,  0.67058825],
         [ 0.79607844,  0.5372549 ,  0.8901961 ]],

        [[ 0.30980396,  0.1686275 ,  0.7647059 ],
         [ 0.21568632,  0.05098045,  0.6392157 ],
         [ 0.3176471 ,  0.13725495,  0.6862745 ],
         ...,
         [ 0.654902  ,  0.2313726 ,  0.7176471 ],
         [ 0.8745098 ,  0.5137255 ,  0.8980392 ],
         [ 0.8352941 ,  0.56078434,  0.8745098 ]],

        ...,

        [[ 0.79607844,  0.34901965,  0.96862745],
         [ 0.4901961 ,  0.12156868,  0.7490196 ],
         [ 0.5058824 ,  0.2313726 ,  0.7490196 ],
         ...,
         [ 0.7254902 ,  0.30196083,  0.8980392 ],
         [ 0.5372549 ,  0.12156868,  0.73333335],
         [ 0.5529412 ,  0.19215691,  0.75686276]],

        [[ 0.64705884,  0.18431377,  0.7176471 ],
         [ 0.5764706 ,  0.16078436,  0.8039216 ],
         [ 0.4901961 ,  0.13725495,  0.8039216 ],
         ...,
         [ 0.6       ,  0.19215691,  0.77254903],
         [ 0.62352943,  0.2313726 ,  0.8039216 ],
         [ 0.6       ,  0.24705887,  0.7882353 ]],

        [[ 0.49803925,  0.37254906,  0.75686276],
         [ 0.56078434,  0.4666667 ,  0.7490196 ],
         [ 0.6784314 ,  0.6       ,  0.8117647 ],
         ...,
         [ 0.6156863 ,  0.28627455,  0.8039216 ],
         [ 0.64705884,  0.33333337,  0.8039216 ],
         [ 0.6       ,  0.2941177 ,  0.7411765 ]]]], dtype=float32)
